TO DO LIST :
Projectiles from aliens + player ship
Player Ship + Movement
Fluid Alien Waypoints (Correctly scaled enemies)
Canvas HUD (Score, Lives, VECTOR letter box)
Star Background implemented

EXTRA :
Menus
Various Alien Models
VECTOR letters working


Prototype bug Points
 Centipede
 [-1, -1], [49, 13], [48, 14], [47, 14], [46, 13], [45, 13], [44, 14], 
 [43, 14], [42, 13], [41, 13], [40, 14], [39, 14], [38, 13], [37, 13], 
 [36, 12], [37, 12], [38, 12], [39, 13], [40, 13], [41, 12], [42, 12], 
 [43, 13], [44, 13], [45, 12], [46, 12], [47, 13], [48, 13], [49, 13], 
 [-1, -1], [47, 12], [47, 13], [-1, -1], [45, 13], [45, 14], [-1, -1], [43, 13], 
 [43, 12], [-1, -1], [41, 13], [41, 14], [-1, -1], [39, 13], [39, 13], 
 [39, 12], [-1, -1], [48, 16], [49, 16], [48, 15], [47, 15], [46, 16], 
 [45, 16], [44, 15], [43, 15], [42, 16], [41, 16], [40, 15], [39, 15],
 [38, 16], [37, 16], [36, 17], [37, 17], [38, 17], [39, 16], [40, 16],
 [41, 17], [42, 17], [43, 16], [44, 16], [45, 17], [46, 17], [47, 16], 
 [48, 16], [-1, -1], [47, 16], [47, 17], [-1, -1], [45, 16], [45, 15], 
 [-1, -1], [43, 16], [43, 17], [-1, -1], [41, 16], [41, 15], [-1, -1], [39, 16], [39, 17], 
 
 Fly
 [-1, -1], [17, 15], [-1, -1], [12, 10], [-1, -1], [20, 15], [21, 15], [22, 14], 
 [21, 13], [20, 13], [19, 14], [20, 15], [-1, -1], [21, 13], [22, 12], [23, 11], 
 [23, 10], [22, 10], [21, 11], [21, 13], [-1, -1], [20, 13], [20, 11], [19, 10], 
 [18, 10], [18, 11], [20, 13], [-1, -1], [20, 11], [20, 10], [21, 10], [21, 11], 
 [-1, -1], [21, 13], [22, 13], [-1, -1], [20, 13], [19, 13], [-1, -1], [21, 10], 
 [22, 9], [-1, -1], [20, 10], [19, 9], [-1, -1], [24, 14], [-1, -1], [24, 10], [-1, -1], 
 [26, 10], [26, 13], [25, 14], [26, 15], [27, 15], [28, 14], [27, 13], [27, 10], 
 [26, 10], [-1, -1], [26, 13], [27, 13], [-1, -1], [27, 11], [-1, -1], [27, 11], 
 [29, 13], [29, 14], [28, 14], [27, 13], [27, 11], [-1, -1], [26, 11], [24, 13],
 [24, 14], [25, 14], [-1, -1], [27, 10], [28, 9], [-1, -1], [26, 10], [25, 9], [-1, -1], 
 [27, 10], [-1, -1], [27, 11], [28, 11], [-1, -1], [26, 11], [25, 11], 
 
 Beetle
 [-1, -1], [25, 7], [21, 7], [21, 8], [20, 8], [20, 9], [19, 9], [19, 11], [20, 11], [20, 12], 
 [21, 12], [21, 13], [25, 13], [25, 12], [26, 12], [26, 11], [27, 11], [27, 9], [26, 9], [26, 8], 
 [25, 8], [25, 7], [-1, -1], [21, 12], [25, 12], [23, 12], [-1, -1], [23, 12], [23, 5], [-1, -1], 
 [25, 7], [-1, -1], [24, 7], [24, 6], [23, 5], [22, 6], [22, 7], [-1, -1], [22, 13], [22, 14], [24, 14], 
 [24, 13], [-1, -1], [24, 14], [-1, -1], [24, 11], [25, 11], [25, 10], [24, 10], [24, 11], [-1, -1], 
 [22, 10], [22, 9], [21, 9], [21, 10], [22, 10], [-1, -1], [37, 17], [39, 17], [39, 16], [37, 16], 
 [37, 17], [-1, -1], [36, 15], [36, 16], [40, 16], [40, 15], [36, 15], [-1, -1], [35, 15], [41, 15], 
 [42, 14], [42, 13], [43, 12], [43, 10], [42, 9], [41, 9], [40, 8], [42, 6], [42, 7], [41, 8], [41, 9], 
 [-1, -1], [38, 15], [39, 14], [39, 13], [40, 12], [40, 11], [40, 8], [-1, -1], [37, 14], [37, 13], 
 [36, 12], [36, 8], [35, 9], [34, 9], [33, 10], [33, 12], [34, 13], [34, 14], [35, 15], [-1, -1], 
 [37, 14], [38, 15], [-1, -1], [36, 8], [34, 6], [34, 7], [35, 8], [35, 9], [-1, -1], [36, 11], [37, 10], 
 [38, 9], [39, 10], [40, 11], [-1, -1], [37, 12], [38, 11], [39, 12], [37, 12], [-1, -1], [40, 14], 
 [41, 13], [40, 13], [40, 14], [-1, -1], [35, 13], [35, 12], [34, 12], [35, 13], 